<?xml version="1.0"?>
<opencv_storage>
<Intrinsics type_id="opencv-matrix">
  <rows>3</rows>
  <cols>3</cols>
  <dt>f</dt>
  <data>
1.4188189778450781e+03 0.0000000000000000e+00 9.8747291972957021e+02 0.0000000000000000e+00 1.4258316047932956e+03 5.5966024976247888e+02 0.0000000000000000e+00 0.0000000000000000e+00 1.0000000000000000e+00</data></Intrinsics>
</opencv_storage>

