<?xml version="1.0"?>
<opencv_storage>
<Distortion type_id="opencv-matrix">
  <rows>5</rows>
  <cols>1</cols>
  <dt>f</dt>
  <data>
  -6.4406025535391398e-01 5.1189736023672672e-01 -6.2278041768345799e-03 -1.4553245756776351e-03 -9.4026612408987534e-02</data></Distortion>
</opencv_storage>
